   0.0000000000E+000   1.0000000000E+000
   1.0000000000E-004   9.9997148929E-001
   2.0000000000E-004   9.9988596117E-001
   3.0000000000E-004   9.9974342765E-001
   4.0000000000E-004   9.9954390879E-001
   5.0000000000E-004   9.9928743262E-001
   6.0000000000E-004   9.9897403519E-001
   7.0000000000E-004   9.9860376056E-001
   8.0000000000E-004   9.9817666075E-001
   9.0000000000E-004   9.9769279578E-001
   1.0000000000E-003   9.9715223363E-001
   1.1000000000E-003   9.9655505022E-001
   1.2000000000E-003   9.9590132943E-001
   1.3000000000E-003   9.9519116304E-001
   1.4000000000E-003   9.9442465075E-001
   1.5000000000E-003   9.9360190012E-001
   1.6000000000E-003   9.9272302661E-001
   1.7000000000E-003   9.9178815347E-001
   1.8000000000E-003   9.9079741180E-001
   1.9000000000E-003   9.8975094048E-001
   2.0000000000E-003   9.8864888615E-001
   2.1000000000E-003   9.8749140319E-001
   2.2000000000E-003   9.8627865366E-001
   2.3000000000E-003   9.8501080732E-001
   2.4000000000E-003   9.8368804155E-001
   2.5000000000E-003   9.8231054132E-001
   2.6000000000E-003   9.8087849919E-001
   2.7000000000E-003   9.7939211524E-001
   2.8000000000E-003   9.7785159704E-001
   2.9000000000E-003   9.7625715959E-001
   3.0000000000E-003   9.7460902532E-001
   3.1000000000E-003   9.7290742400E-001
   3.2000000000E-003   9.7115259273E-001
   3.3000000000E-003   9.6934477588E-001
   3.4000000000E-003   9.6748422504E-001
   3.5000000000E-003   9.6557119897E-001
   3.6000000000E-003   9.6360596355E-001
   3.7000000000E-003   9.6158879174E-001
   3.8000000000E-003   9.5951996350E-001
   3.9000000000E-003   9.5739976577E-001
   4.0000000000E-003   9.5522849238E-001
   4.1000000000E-003   9.5300644403E-001
   4.2000000000E-003   9.5073392818E-001
   4.3000000000E-003   9.4841125904E-001
   4.4000000000E-003   9.4603875749E-001
   4.5000000000E-003   9.4361675100E-001
   4.6000000000E-003   9.4114557360E-001
   4.7000000000E-003   9.3862556578E-001
   4.8000000000E-003   9.3605707445E-001
   4.9000000000E-003   9.3344045287E-001
   5.0000000000E-003   9.3077606055E-001
   5.1000000000E-003   9.2806426324E-001
   5.2000000000E-003   9.2530543279E-001
   5.3000000000E-003   9.2249994714E-001
   5.4000000000E-003   9.1964819021E-001
   5.5000000000E-003   9.1675055181E-001
   5.6000000000E-003   9.1380742763E-001
   5.7000000000E-003   9.1081921910E-001
   5.8000000000E-003   9.0778633333E-001
   5.9000000000E-003   9.0470918305E-001
   6.0000000000E-003   9.0158818651E-001
   6.1000000000E-003   8.9842376742E-001
   6.2000000000E-003   8.9521635483E-001
   6.3000000000E-003   8.9196638310E-001
   6.4000000000E-003   8.8867429177E-001
   6.5000000000E-003   8.8534052550E-001
   6.6000000000E-003   8.8196553400E-001
   6.7000000000E-003   8.7854977189E-001
   6.8000000000E-003   8.7509369867E-001
   6.9000000000E-003   8.7159777861E-001
   7.0000000000E-003   8.6806248066E-001
   7.1000000000E-003   8.6448827835E-001
   7.2000000000E-003   8.6087564972E-001
   7.3000000000E-003   8.5722507723E-001
   7.4000000000E-003   8.5353704764E-001
   7.5000000000E-003   8.4981205196E-001
   7.6000000000E-003   8.4605058532E-001
   7.7000000000E-003   8.4225314689E-001
   7.8000000000E-003   8.3842023980E-001
   7.9000000000E-003   8.3455237102E-001
   8.0000000000E-003   8.3065005127E-001
   8.1000000000E-003   8.2671379495E-001
   8.2000000000E-003   8.2274412002E-001
   8.3000000000E-003   8.1874154788E-001
   8.4000000000E-003   8.1470660334E-001
   8.5000000000E-003   8.1063981446E-001
   8.6000000000E-003   8.0654171246E-001
   8.7000000000E-003   8.0241283166E-001
   8.8000000000E-003   7.9825370934E-001
   8.9000000000E-003   7.9406488566E-001
   9.0000000000E-003   7.8984690354E-001
   9.1000000000E-003   7.8560030860E-001
   9.2000000000E-003   7.8132564900E-001
   9.3000000000E-003   7.7702347541E-001
   9.4000000000E-003   7.7269434084E-001
   9.5000000000E-003   7.6833880058E-001
   9.6000000000E-003   7.6395741208E-001
   9.7000000000E-003   7.5955073487E-001
   9.8000000000E-003   7.5511933044E-001
   9.9000000000E-003   7.5066376212E-001
   1.0000000000E-002   7.4618459502E-001
   1.0100000000E-002   7.4168239589E-001
   1.0200000000E-002   7.3715773304E-001
   1.0300000000E-002   7.3261117624E-001
   1.0400000000E-002   7.2804329657E-001
   1.0500000000E-002   7.2345466640E-001
   1.0600000000E-002   7.1884585921E-001
   1.0700000000E-002   7.1421744951E-001
   1.0800000000E-002   7.0957001279E-001
   1.0900000000E-002   7.0490412531E-001
   1.1000000000E-002   7.0022036411E-001
   1.1100000000E-002   6.9551930682E-001
   1.1200000000E-002   6.9080153163E-001
   1.1300000000E-002   6.8606761712E-001
   1.1400000000E-002   6.8131814220E-001
   1.1500000000E-002   6.7655368600E-001
   1.1600000000E-002   6.7177482777E-001
   1.1700000000E-002   6.6698214677E-001
   1.1800000000E-002   6.6217622216E-001
   1.1900000000E-002   6.5735763294E-001
   1.2000000000E-002   6.5252695779E-001
   1.2100000000E-002   6.4768477503E-001
   1.2200000000E-002   6.4283166248E-001
   1.2300000000E-002   6.3796819736E-001
   1.2400000000E-002   6.3309495621E-001
   1.2500000000E-002   6.2821251481E-001
   1.2600000000E-002   6.2332144801E-001
   1.2700000000E-002   6.1842232972E-001
   1.2800000000E-002   6.1351573274E-001
   1.2900000000E-002   6.0860222871E-001
   1.3000000000E-002   6.0368238799E-001
   1.3100000000E-002   5.9875677958E-001
   1.3200000000E-002   5.9382597102E-001
   1.3300000000E-002   5.8889052827E-001
   1.3400000000E-002   5.8395101565E-001
   1.3500000000E-002   5.7900799576E-001
   1.3600000000E-002   5.7406202931E-001
   1.3700000000E-002   5.6911367513E-001
   1.3800000000E-002   5.6416349000E-001
   1.3900000000E-002   5.5921202859E-001
   1.4000000000E-002   5.5425984338E-001
   1.4100000000E-002   5.4930748455E-001
   1.4200000000E-002   5.4435549989E-001
   1.4300000000E-002   5.3940443475E-001
   1.4400000000E-002   5.3445483190E-001
   1.4500000000E-002   5.2950723148E-001
   1.4600000000E-002   5.2456217090E-001
   1.4700000000E-002   5.1962018476E-001
   1.4800000000E-002   5.1468180476E-001
   1.4900000000E-002   5.0974755965E-001
   1.5000000000E-002   5.0481797508E-001
   1.5100000000E-002   4.9989357359E-001
   1.5200000000E-002   4.9497487449E-001
   1.5300000000E-002   4.9006239379E-001
   1.5400000000E-002   4.8515664413E-001
   1.5500000000E-002   4.8025813468E-001
   1.5600000000E-002   4.7536737110E-001
   1.5700000000E-002   4.7048485542E-001
   1.5800000000E-002   4.6561108602E-001
   1.5900000000E-002   4.6074655749E-001
   1.6000000000E-002   4.5589176064E-001
   1.6100000000E-002   4.5104718233E-001
   1.6200000000E-002   4.4621330551E-001
   1.6300000000E-002   4.4139060903E-001
   1.6400000000E-002   4.3657956770E-001
   1.6500000000E-002   4.3178065212E-001
   1.6600000000E-002   4.2699432867E-001
   1.6700000000E-002   4.2222105941E-001
   1.6800000000E-002   4.1746130206E-001
   1.6900000000E-002   4.1271550989E-001
   1.7000000000E-002   4.0798413171E-001
   1.7100000000E-002   4.0326761175E-001
   1.7200000000E-002   3.9856638966E-001
   1.7300000000E-002   3.9388090040E-001
   1.7400000000E-002   3.8921157423E-001
   1.7500000000E-002   3.8455883663E-001
   1.7600000000E-002   3.7992310824E-001
   1.7700000000E-002   3.7530480482E-001
   1.7800000000E-002   3.7070433719E-001
   1.7900000000E-002   3.6612211119E-001
   1.8000000000E-002   3.6155852763E-001
   1.8100000000E-002   3.5701398223E-001
   1.8200000000E-002   3.5248886558E-001
   1.8300000000E-002   3.4798356308E-001
   1.8400000000E-002   3.4349845494E-001
   1.8500000000E-002   3.3903391608E-001
   1.8600000000E-002   3.3459031613E-001
   1.8700000000E-002   3.3016801938E-001
   1.8800000000E-002   3.2576738471E-001
   1.8900000000E-002   3.2138876561E-001
   1.9000000000E-002   3.1703251007E-001
   1.9100000000E-002   3.1269896064E-001
   1.9200000000E-002   3.0838845428E-001
   1.9300000000E-002   3.0410132244E-001
   1.9400000000E-002   2.9983789096E-001
   1.9500000000E-002   2.9559848003E-001
   1.9600000000E-002   2.9138340423E-001
   1.9700000000E-002   2.8719297243E-001
   1.9800000000E-002   2.8302748781E-001
   1.9900000000E-002   2.7888724781E-001
   2.0000000000E-002   2.7477254411E-001
   2.0100000000E-002   2.7068366264E-001
   2.0200000000E-002   2.6662088350E-001
   2.0300000000E-002   2.6258448098E-001
   2.0400000000E-002   2.5857472355E-001
   2.0500000000E-002   2.5459187380E-001
   2.0600000000E-002   2.5063618846E-001
   2.0700000000E-002   2.4670791839E-001
   2.0800000000E-002   2.4280730852E-001
   2.0900000000E-002   2.3893459791E-001
   2.1000000000E-002   2.3509001966E-001
   2.1100000000E-002   2.3127380097E-001
   2.1200000000E-002   2.2748616308E-001
   2.1300000000E-002   2.2372732130E-001
   2.1400000000E-002   2.1999748496E-001
   2.1500000000E-002   2.1629685748E-001
   2.1600000000E-002   2.1262563627E-001
   2.1700000000E-002   2.0898401283E-001
   2.1800000000E-002   2.0537217265E-001
   2.1900000000E-002   2.0179029529E-001
   2.2000000000E-002   1.9823855434E-001
   2.2100000000E-002   1.9471711744E-001
   2.2200000000E-002   1.9122614627E-001
   2.2300000000E-002   1.8776579656E-001
   2.2400000000E-002   1.8433621812E-001
   2.2500000000E-002   1.8093755480E-001
   2.2600000000E-002   1.7756994455E-001
   2.2700000000E-002   1.7423351939E-001
   2.2800000000E-002   1.7092840547E-001
   2.2900000000E-002   1.6765472301E-001
   2.3000000000E-002   1.6441258638E-001
   2.3100000000E-002   1.6120210409E-001
   2.3200000000E-002   1.5802337880E-001
   2.3300000000E-002   1.5487650735E-001
   2.3400000000E-002   1.5176158076E-001
   2.3500000000E-002   1.4867868428E-001
   2.3600000000E-002   1.4562789738E-001
   2.3700000000E-002   1.4260929379E-001
   2.3800000000E-002   1.3962294150E-001
   2.3900000000E-002   1.3666890284E-001
   2.4000000000E-002   1.3374723442E-001
   2.4100000000E-002   1.3085798723E-001
   2.4200000000E-002   1.2800120664E-001
   2.4300000000E-002   1.2517693241E-001
   2.4400000000E-002   1.2238519874E-001
   2.4500000000E-002   1.1962603432E-001
   2.4600000000E-002   1.1689946230E-001
   2.4700000000E-002   1.1420550039E-001
   2.4800000000E-002   1.1154416086E-001
   2.4900000000E-002   1.0891545055E-001
   2.5000000000E-002   1.0631937096E-001
   2.5100000000E-002   1.0375591825E-001
   2.5200000000E-002   1.0122508327E-001
   2.5300000000E-002   9.8726851644E-002
   2.5400000000E-002   9.6261203745E-002
   2.5500000000E-002   9.3828114782E-002
   2.5600000000E-002   9.1427554823E-002
   2.5700000000E-002   8.9059488836E-002
   2.5800000000E-002   8.6723876736E-002
   2.5900000000E-002   8.4420673422E-002
   2.6000000000E-002   8.2149828826E-002
   2.6100000000E-002   7.9911287955E-002
   2.6200000000E-002   7.7704990936E-002
   2.6300000000E-002   7.5530873063E-002
   2.6400000000E-002   7.3388864844E-002
   2.6500000000E-002   7.1278892046E-002
   2.6600000000E-002   6.9200875747E-002
   2.6700000000E-002   6.7154732383E-002
   2.6800000000E-002   6.5140373797E-002
   2.6900000000E-002   6.3157707292E-002
   2.7000000000E-002   6.1206635678E-002
   2.7100000000E-002   5.9287057326E-002
   2.7200000000E-002   5.7398866221E-002
   2.7300000000E-002   5.5541952012E-002
   2.7400000000E-002   5.3716200070E-002
   2.7500000000E-002   5.1921491537E-002
   2.7600000000E-002   5.0157703383E-002
   2.7700000000E-002   4.8424708462E-002
   2.7800000000E-002   4.6722375565E-002
   2.7900000000E-002   4.5050569478E-002
   2.8000000000E-002   4.3409151040E-002
   2.8100000000E-002   4.1797977196E-002
   2.8200000000E-002   4.0216901060E-002
   2.8300000000E-002   3.8665771968E-002
   2.8400000000E-002   3.7144435538E-002
   2.8500000000E-002   3.5652733731E-002
   2.8600000000E-002   3.4190504909E-002
   2.8700000000E-002   3.2757583893E-002
   2.8800000000E-002   3.1353802026E-002
   2.8900000000E-002   2.9978987230E-002
   2.9000000000E-002   2.8632964070E-002
   2.9100000000E-002   2.7315553813E-002
   2.9200000000E-002   2.6026574490E-002
   2.9300000000E-002   2.4765840957E-002
   2.9400000000E-002   2.3533164958E-002
   2.9500000000E-002   2.2328355187E-002
   2.9600000000E-002   2.1151217348E-002
   2.9700000000E-002   2.0001554220E-002
   2.9800000000E-002   1.8879165721E-002
   2.9900000000E-002   1.7783848967E-002
   3.0000000000E-002   1.6715398338E-002
   3.0100000000E-002   1.5673605540E-002
   3.0200000000E-002   1.4658259670E-002
   3.0300000000E-002   1.3669147276E-002
   3.0400000000E-002   1.2706052427E-002
   3.0500000000E-002   1.1768756770E-002
   3.0600000000E-002   1.0857039596E-002
   3.0700000000E-002   9.9706779058E-003
   3.0800000000E-002   9.1094464730E-003
   3.0900000000E-002   8.2731179061E-003
   3.1000000000E-002   7.4614627143E-003
   3.1100000000E-002   6.6742493707E-003
   3.1200000000E-002   5.9112443765E-003
   3.1300000000E-002   5.1722123243E-003
   3.1400000000E-002   4.4569159628E-003
   3.1500000000E-002   3.7651162596E-003
   3.1600000000E-002   3.0965724654E-003
   3.1700000000E-002   2.4510421775E-003
   3.1800000000E-002   1.8282814030E-003
   3.1900000000E-002   1.2280446223E-003
   3.2000000000E-002   6.5008485248E-004
   3.2100000000E-002   9.4153709807E-005
   3.2200000000E-002   4.3999852697E-004
   3.2300000000E-002   9.5262285414E-004
   3.2400000000E-002   1.4439714805E-003
   3.2500000000E-002   1.9142977653E-003
   3.2600000000E-002   2.3638561556E-003
   3.2700000000E-002   2.7929021254E-003
   3.2800000000E-002   3.2016921133E-003
   3.2900000000E-002   3.5904834615E-003
   3.3000000000E-002   3.9595343551E-003
   3.3100000000E-002   4.3091037607E-003
   3.3200000000E-002   4.6394513666E-003
   3.3300000000E-002   4.9508375226E-003
   3.3400000000E-002   5.2435231800E-003
   3.3500000000E-002   5.5177698323E-003
   3.3600000000E-002   5.7738394562E-003
   3.3700000000E-002   6.0119944528E-003
   3.3800000000E-002   6.2324975894E-003
   3.3900000000E-002   6.4356119414E-003
   3.4000000000E-002   6.6216008349E-003
   3.4100000000E-002   6.7907277893E-003
   3.4200000000E-002   6.9432564611E-003
   3.4300000000E-002   7.0794505871E-003
   3.4400000000E-002   7.1995739289E-003
   3.4500000000E-002   7.3038902174E-003
   3.4600000000E-002   7.3926630979E-003
   3.4700000000E-002   7.4661560756E-003
   3.4800000000E-002   7.5246324619E-003
   3.4900000000E-002   7.5683553204E-003
   3.5000000000E-002   7.5975874148E-003
   3.5100000000E-002   7.6125911554E-003
   3.5200000000E-002   7.6136285480E-003
   3.5300000000E-002   7.6009611424E-003
   3.5400000000E-002   7.5748499811E-003
   3.5500000000E-002   7.5355555494E-003
   3.5600000000E-002   7.4833377254E-003
   3.5700000000E-002   7.4184557312E-003
   3.5800000000E-002   7.3411680839E-003
   3.5900000000E-002   7.2517325475E-003
   3.6000000000E-002   7.1504060860E-003
   3.6100000000E-002   7.0374448161E-003
   3.6200000000E-002   6.9131039609E-003
   3.6300000000E-002   6.7776378046E-003
   3.6400000000E-002   6.6312996473E-003
   3.6500000000E-002   6.4743417604E-003
   3.6600000000E-002   6.3070153432E-003
   3.6700000000E-002   6.1295704797E-003
   3.6800000000E-002   5.9422560956E-003
   3.6900000000E-002   5.7453199173E-003
   3.7000000000E-002   5.5390084298E-003
   3.7100000000E-002   5.3235668367E-003
   3.7200000000E-002   5.0992390205E-003
   3.7300000000E-002   4.8662675026E-003
   3.7400000000E-002   4.6248934055E-003
   3.7500000000E-002   4.3753564146E-003
   3.7600000000E-002   4.1178947409E-003
   3.7700000000E-002   3.8527450848E-003
   3.7800000000E-002   3.5801425999E-003
   3.7900000000E-002   3.3003208583E-003
   3.8000000000E-002   3.0135118158E-003
   3.8100000000E-002   2.7199457780E-003
   3.8200000000E-002   2.4198513679E-003
   3.8300000000E-002   2.1134554928E-003
   3.8400000000E-002   1.8009833133E-003
   3.8500000000E-002   1.4826582118E-003
   3.8600000000E-002   1.1587017626E-003
   3.8700000000E-002   8.2933370229E-004
   3.8800000000E-002   4.9477190102E-004
   3.8900000000E-002   1.5523233419E-004
   3.9000000000E-002   1.8907094476E-004
   3.9100000000E-002   5.3792583107E-004
   3.9200000000E-002   8.9112219463E-004
   3.9300000000E-002   1.2484519052E-003
   3.9400000000E-002   1.6097088570E-003
   3.9500000000E-002   1.9746889924E-003
   3.9600000000E-002   2.3431903252E-003
   3.9700000000E-002   2.7150129627E-003
   3.9800000000E-002   3.0899591276E-003
   3.9900000000E-002   3.4678331789E-003
   4.0000000000E-002   3.8484416323E-003
   4.0100000000E-002   4.2315931792E-003
   4.0200000000E-002   4.6170987060E-003
   4.0300000000E-002   5.0047713120E-003
   4.0400000000E-002   5.3944263269E-003
   4.0500000000E-002   5.7858813271E-003
   4.0600000000E-002   6.1789561523E-003
   4.0700000000E-002   6.5734729201E-003
   4.0800000000E-002   6.9692560409E-003
   4.0900000000E-002   7.3661322320E-003
   4.1000000000E-002   7.7639305302E-003
   4.1100000000E-002   8.1624823046E-003
   4.1200000000E-002   8.5616212684E-003
   4.1300000000E-002   8.9611834900E-003
   4.1400000000E-002   9.3610074033E-003
   4.1500000000E-002   9.7609338173E-003
   4.1600000000E-002   1.0160805925E-002
   4.1700000000E-002   1.0560469314E-002
   4.1800000000E-002   1.0959771969E-002
   4.1900000000E-002   1.1358564285E-002
   4.2000000000E-002   1.1756699070E-002
   4.2100000000E-002   1.2154031550E-002
   4.2200000000E-002   1.2550419378E-002
   4.2300000000E-002   1.2945722635E-002
   4.2400000000E-002   1.3339803834E-002
   4.2500000000E-002   1.3732527924E-002
   4.2600000000E-002   1.4123762294E-002
   4.2700000000E-002   1.4513376772E-002
   4.2800000000E-002   1.4901243627E-002
   4.2900000000E-002   1.5287237572E-002
   4.3000000000E-002   1.5671235761E-002
   4.3100000000E-002   1.6053117789E-002
   4.3200000000E-002   1.6432765692E-002
   4.3300000000E-002   1.6810063946E-002
   4.3400000000E-002   1.7184899461E-002
   4.3500000000E-002   1.7557161582E-002
   4.3600000000E-002   1.7926742082E-002
   4.3700000000E-002   1.8293535162E-002
   4.3800000000E-002   1.8657437442E-002
   4.3900000000E-002   1.9018347959E-002
   4.4000000000E-002   1.9376168159E-002
   4.4100000000E-002   1.9730801892E-002
   4.4200000000E-002   2.0082155406E-002
   4.4300000000E-002   2.0430137338E-002
   4.4400000000E-002   2.0774658705E-002
   4.4500000000E-002   2.1115632899E-002
   4.4600000000E-002   2.1452975675E-002
   4.4700000000E-002   2.1786605144E-002
   4.4800000000E-002   2.2116441760E-002
   4.4900000000E-002   2.2442408315E-002
   4.5000000000E-002   2.2764429921E-002
   4.5100000000E-002   2.3082434003E-002
   4.5200000000E-002   2.3396350287E-002
   4.5300000000E-002   2.3706110789E-002
   4.5400000000E-002   2.4011649797E-002
   4.5500000000E-002   2.4312903862E-002
   4.5600000000E-002   2.4609811787E-002
   4.5700000000E-002   2.4902314605E-002
   4.5800000000E-002   2.5190355572E-002
   4.5900000000E-002   2.5473880149E-002
   4.6000000000E-002   2.5752835986E-002
   4.6100000000E-002   2.6027172910E-002
   4.6200000000E-002   2.6296842903E-002
   4.6300000000E-002   2.6561800092E-002
   4.6400000000E-002   2.6822000728E-002
   4.6500000000E-002   2.7077403171E-002
   4.6600000000E-002   2.7327967871E-002
   4.6700000000E-002   2.7573657350E-002
   4.6800000000E-002   2.7814436187E-002
   4.6900000000E-002   2.8050270996E-002
   4.7000000000E-002   2.8281130409E-002
   4.7100000000E-002   2.8506985055E-002
   4.7200000000E-002   2.8727807544E-002
   4.7300000000E-002   2.8943572445E-002
   4.7400000000E-002   2.9154256265E-002
   4.7500000000E-002   2.9359837431E-002
   4.7600000000E-002   2.9560296268E-002
   4.7700000000E-002   2.9755614980E-002
   4.7800000000E-002   2.9945777626E-002
   4.7900000000E-002   3.0130770102E-002
   4.8000000000E-002   3.0310580118E-002
   4.8100000000E-002   3.0485197176E-002
   4.8200000000E-002   3.0654612546E-002
   4.8300000000E-002   3.0818819250E-002
   4.8400000000E-002   3.0977812033E-002
   4.8500000000E-002   3.1131587345E-002
   4.8600000000E-002   3.1280143314E-002
   4.8700000000E-002   3.1423479729E-002
   4.8800000000E-002   3.1561598012E-002
   4.8900000000E-002   3.1694501194E-002
   4.9000000000E-002   3.1822193898E-002
   4.9100000000E-002   3.1944682309E-002
   4.9200000000E-002   3.2061974152E-002
   4.9300000000E-002   3.2174078671E-002
   4.9400000000E-002   3.2281006603E-002
   4.9500000000E-002   3.2382770151E-002
   4.9600000000E-002   3.2479382965E-002
   4.9700000000E-002   3.2570860118E-002
   4.9800000000E-002   3.2657218074E-002
   4.9900000000E-002   3.2738474674E-002
   5.0000000000E-002   3.2814649103E-002
   5.0100000000E-002   3.2885761871E-002
   5.0200000000E-002   3.2951834786E-002
   5.0300000000E-002   3.3012890929E-002
   5.0400000000E-002   3.3068954631E-002
   5.0500000000E-002   3.3120051447E-002
   5.0600000000E-002   3.3166208132E-002
   5.0700000000E-002   3.3207452616E-002
   5.0800000000E-002   3.3243813978E-002
   5.0900000000E-002   3.3275322424E-002
   5.1000000000E-002   3.3302009260E-002
   5.1100000000E-002   3.3323906867E-002
   5.1200000000E-002   3.3341048679E-002
   5.1300000000E-002   3.3353469155E-002
   5.1400000000E-002   3.3361203756E-002
   5.1500000000E-002   3.3364288920E-002
   5.1600000000E-002   3.3362762039E-002
   5.1700000000E-002   3.3356661430E-002
   5.1800000000E-002   3.3346026316E-002
   5.1900000000E-002   3.3330896798E-002
   5.2000000000E-002   3.3311313831E-002
   5.2100000000E-002   3.3287319202E-002
   5.2200000000E-002   3.3258955502E-002
   5.2300000000E-002   3.3226266105E-002
   5.2400000000E-002   3.3189295143E-002
   5.2500000000E-002   3.3148087482E-002
   5.2600000000E-002   3.3102688697E-002
   5.2700000000E-002   3.3053145052E-002
   5.2800000000E-002   3.2999503470E-002
   5.2900000000E-002   3.2941811517E-002
   5.3000000000E-002   3.2880117372E-002
   5.3100000000E-002   3.2814469809E-002
   5.3200000000E-002   3.2744918169E-002
   5.3300000000E-002   3.2671512343E-002
   5.3400000000E-002   3.2594302742E-002
   5.3500000000E-002   3.2513340281E-002
   5.3600000000E-002   3.2428676354E-002
   5.3700000000E-002   3.2340362807E-002
   5.3800000000E-002   3.2248451926E-002
   5.3900000000E-002   3.2152996405E-002
   5.4000000000E-002   3.2054049330E-002
   5.4100000000E-002   3.1951664155E-002
   5.4200000000E-002   3.1845894681E-002
   5.4300000000E-002   3.1736795036E-002
   5.4400000000E-002   3.1624419653E-002
   5.4500000000E-002   3.1508823246E-002
   5.4600000000E-002   3.1390060795E-002
   5.4700000000E-002   3.1268187523E-002
   5.4800000000E-002   3.1143258873E-002
   5.4900000000E-002   3.1015330492E-002
   5.5000000000E-002   3.0884458211E-002
   5.5100000000E-002   3.0750698020E-002
   5.5200000000E-002   3.0614106056E-002
   5.5300000000E-002   3.0474738577E-002
   5.5400000000E-002   3.0332651950E-002
   5.5500000000E-002   3.0187902625E-002
   5.5600000000E-002   3.0040547122E-002
   5.5700000000E-002   2.9890642011E-002
   5.5800000000E-002   2.9738243891E-002
   5.5900000000E-002   2.9583409377E-002
   5.6000000000E-002   2.9426195081E-002
   5.6100000000E-002   2.9266657592E-002
   5.6200000000E-002   2.9104853460E-002
   5.6300000000E-002   2.8940839184E-002
   5.6400000000E-002   2.8774671188E-002
   5.6500000000E-002   2.8606405808E-002
   5.6600000000E-002   2.8436099278E-002
   5.6700000000E-002   2.8263807712E-002
   5.6800000000E-002   2.8089587086E-002
   5.6900000000E-002   2.7913493229E-002
   5.7000000000E-002   2.7735581801E-002
   5.7100000000E-002   2.7555908284E-002
   5.7200000000E-002   2.7374527963E-002
   5.7300000000E-002   2.7191495915E-002
   5.7400000000E-002   2.7006866993E-002
   5.7500000000E-002   2.6820695814E-002
   5.7600000000E-002   2.6633036743E-002
   5.7700000000E-002   2.6443943881E-002
   5.7800000000E-002   2.6253471055E-002
   5.7900000000E-002   2.6061671800E-002
   5.8000000000E-002   2.5868599350E-002
   5.8100000000E-002   2.5674306626E-002
   5.8200000000E-002   2.5478846223E-002
   5.8300000000E-002   2.5282270397E-002
   5.8400000000E-002   2.5084631058E-002
   5.8500000000E-002   2.4885979754E-002
   5.8600000000E-002   2.4686367664E-002
   5.8700000000E-002   2.4485845585E-002
   5.8800000000E-002   2.4284463924E-002
   5.8900000000E-002   2.4082272686E-002
   5.9000000000E-002   2.3879321465E-002
   5.9100000000E-002   2.3675659434E-002
   5.9200000000E-002   2.3471335337E-002
   5.9300000000E-002   2.3266397480E-002
   5.9400000000E-002   2.3060893721E-002
   5.9500000000E-002   2.2854871464E-002
   5.9600000000E-002   2.2648377646E-002
   5.9700000000E-002   2.2441458736E-002
   5.9800000000E-002   2.2234160722E-002
   5.9900000000E-002   2.2026529107E-002
   6.0000000000E-002   2.1818608897E-002
   6.0100000000E-002   2.1610444603E-002
   6.0200000000E-002   2.1402080224E-002
   6.0300000000E-002   2.1193559248E-002
   6.0400000000E-002   2.0984924644E-002
   6.0500000000E-002   2.0776218855E-002
   6.0600000000E-002   2.0567483794E-002
   6.0700000000E-002   2.0358760837E-002
   6.0800000000E-002   2.0150090820E-002
   6.0900000000E-002   1.9941514032E-002
   6.1000000000E-002   1.9733070214E-002
   6.1100000000E-002   1.9524798549E-002
   6.1200000000E-002   1.9316737662E-002
   6.1300000000E-002   1.9108925618E-002
   6.1400000000E-002   1.8901399912E-002
   6.1500000000E-002   1.8694197472E-002
   6.1600000000E-002   1.8487354651E-002
   6.1700000000E-002   1.8280907227E-002
   6.1800000000E-002   1.8074890401E-002
   6.1900000000E-002   1.7869338791E-002
   6.2000000000E-002   1.7664286433E-002
   6.2100000000E-002   1.7459766778E-002
   6.2200000000E-002   1.7255812688E-002
   6.2300000000E-002   1.7052456439E-002
   6.2400000000E-002   1.6849729716E-002
   6.2500000000E-002   1.6647663611E-002
   6.2600000000E-002   1.6446288628E-002
   6.2700000000E-002   1.6245634675E-002
   6.2800000000E-002   1.6045731066E-002
   6.2900000000E-002   1.5846606525E-002
   6.3000000000E-002   1.5648289177E-002
   6.3100000000E-002   1.5450806558E-002
   6.3200000000E-002   1.5254185607E-002
   6.3300000000E-002   1.5058452672E-002
   6.3400000000E-002   1.4863633506E-002
   6.3500000000E-002   1.4669753273E-002
   6.3600000000E-002   1.4476836543E-002
   6.3700000000E-002   1.4284907299E-002
   6.3800000000E-002   1.4093988935E-002
   6.3900000000E-002   1.3904104258E-002
   6.4000000000E-002   1.3715275488E-002
   6.4100000000E-002   1.3527524265E-002
   6.4200000000E-002   1.3340871645E-002
   6.4300000000E-002   1.3155338105E-002
   6.4400000000E-002   1.2970943547E-002
   6.4500000000E-002   1.2787707296E-002
   6.4600000000E-002   1.2605648108E-002
   6.4700000000E-002   1.2424784167E-002
   6.4800000000E-002   1.2245133092E-002
   6.4900000000E-002   1.2066711941E-002
   6.5000000000E-002   1.1889537208E-002
   6.5100000000E-002   1.1713624835E-002
   6.5200000000E-002   1.1538990207E-002
   6.5300000000E-002   1.1365648161E-002
   6.5400000000E-002   1.1193612988E-002
   6.5500000000E-002   1.1022898438E-002
   6.5600000000E-002   1.0853517722E-002
   6.5700000000E-002   1.0685483517E-002
   6.5800000000E-002   1.0518807971E-002
   6.5900000000E-002   1.0353502706E-002
   6.6000000000E-002   1.0189578821E-002
   6.6100000000E-002   1.0027046903E-002
   6.6200000000E-002   9.8659170237E-003
   6.6300000000E-002   9.7061987479E-003
   6.6400000000E-002   9.5479011388E-003
   6.6500000000E-002   9.3910327617E-003
   6.6600000000E-002   9.2356016895E-003
   6.6700000000E-002   9.0816155077E-003
   6.6800000000E-002   8.9290813195E-003
   6.6900000000E-002   8.7780057509E-003
   6.7000000000E-002   8.6283949565E-003
   6.7100000000E-002   8.4802546243E-003
   6.7200000000E-002   8.3335899815E-003
   6.7300000000E-002   8.1884058001E-003
   6.7400000000E-002   8.0447064023E-003
   6.7500000000E-002   7.9024956662E-003
   6.7600000000E-002   7.7617770316E-003
   6.7700000000E-002   7.6225535057E-003
   6.7800000000E-002   7.4848276691E-003
   6.7900000000E-002   7.3486016813E-003
   6.8000000000E-002   7.2138772871E-003
   6.8100000000E-002   7.0806558224E-003
   6.8200000000E-002   6.9489382200E-003
   6.8300000000E-002   6.8187250158E-003
   6.8400000000E-002   6.6900163553E-003
   6.8500000000E-002   6.5628119989E-003
   6.8600000000E-002   6.4371113290E-003
   6.8700000000E-002   6.3129133555E-003
   6.8800000000E-002   6.1902167221E-003
   6.8900000000E-002   6.0690197131E-003
   6.9000000000E-002   5.9493202589E-003
   6.9100000000E-002   5.8311159429E-003
   6.9200000000E-002   5.7144040075E-003
   6.9300000000E-002   5.5991813605E-003
   6.9400000000E-002   5.4854445813E-003
   6.9500000000E-002   5.3731899275E-003
   6.9600000000E-002   5.2624133410E-003
   6.9700000000E-002   5.1531104546E-003
   6.9800000000E-002   5.0452765979E-003
   6.9900000000E-002   4.9389068044E-003
   7.0000000000E-002   4.8339958170E-003
   7.0100000000E-002   4.7305380949E-003
   7.0200000000E-002   4.6285278200E-003
   7.0300000000E-002   4.5279589027E-003
   7.0400000000E-002   4.4288249889E-003
   7.0500000000E-002   4.3311194656E-003
   7.0600000000E-002   4.2348354678E-003
   7.0700000000E-002   4.1399658845E-003
   7.0800000000E-002   4.0465033650E-003
   7.0900000000E-002   3.9544403250E-003
   7.1000000000E-002   3.8637689531E-003
   7.1100000000E-002   3.7744812169E-003
   7.1200000000E-002   3.6865688688E-003
   7.1300000000E-002   3.6000234528E-003
   7.1400000000E-002   3.5148363099E-003
   7.1500000000E-002   3.4309985848E-003
   7.1600000000E-002   3.3485012315E-003
   7.1700000000E-002   3.2673350195E-003
   7.1800000000E-002   3.1874905398E-003
   7.1900000000E-002   3.1089582108E-003
   7.2000000000E-002   3.0317282839E-003
   7.2100000000E-002   2.9557908498E-003
   7.2200000000E-002   2.8811358443E-003
   7.2300000000E-002   2.8077530535E-003
   7.2400000000E-002   2.7356321203E-003
   7.2500000000E-002   2.6647625493E-003
   7.2600000000E-002   2.5951337130E-003
   7.2700000000E-002   2.5267348573E-003
   7.2800000000E-002   2.4595551067E-003
   7.2900000000E-002   2.3935834700E-003
   7.3000000000E-002   2.3288088457E-003
   7.3100000000E-002   2.2652200275E-003
   7.3200000000E-002   2.2028057094E-003
   7.3300000000E-002   2.1415544910E-003
   7.3400000000E-002   2.0814548826E-003
   7.3500000000E-002   2.0224953108E-003
   7.3600000000E-002   1.9646641230E-003
   7.3700000000E-002   1.9079495927E-003
   7.3800000000E-002   1.8523399245E-003
   7.3900000000E-002   1.7978232590E-003
   7.4000000000E-002   1.7443876775E-003
   7.4100000000E-002   1.6920212067E-003
   7.4200000000E-002   1.6407118238E-003
   7.4300000000E-002   1.5904474608E-003
   7.4400000000E-002   1.5412160092E-003
   7.4500000000E-002   1.4930053244E-003
   7.4600000000E-002   1.4458032305E-003
   7.4700000000E-002   1.3995975242E-003
   7.4800000000E-002   1.3543759795E-003
   7.4900000000E-002   1.3101263516E-003
   7.5000000000E-002   1.2668363816E-003
   7.5100000000E-002   1.2244937999E-003
   7.5200000000E-002   1.1830863309E-003
   7.5300000000E-002   1.1426016966E-003
   7.5400000000E-002   1.1030276206E-003
   7.5500000000E-002   1.0643518321E-003
   7.5600000000E-002   1.0265620692E-003
   7.5700000000E-002   9.8964608311E-004
   7.5800000000E-002   9.5359164149E-004
   7.5900000000E-002   9.1838653205E-004
   7.6000000000E-002   8.8401856604E-004
   7.6100000000E-002   8.5047558169E-004
   7.6200000000E-002   8.1774544749E-004
   7.6300000000E-002   7.8581606549E-004
   7.6400000000E-002   7.5467537450E-004
   7.6500000000E-002   7.2431135320E-004
   7.6600000000E-002   6.9471202319E-004
   7.6700000000E-002   6.6586545199E-004
   7.6800000000E-002   6.3775975595E-004
   7.6900000000E-002   6.1038310307E-004
   7.7000000000E-002   5.8372371579E-004
   7.7100000000E-002   5.5776987367E-004
   7.7200000000E-002   5.3250991607E-004
   7.7300000000E-002   5.0793224463E-004
   7.7400000000E-002   4.8402532584E-004
   7.7500000000E-002   4.6077769340E-004
   7.7600000000E-002   4.3817795061E-004
   7.7700000000E-002   4.1621477262E-004
   7.7800000000E-002   3.9487690870E-004
   7.7900000000E-002   3.7415318430E-004
   7.8000000000E-002   3.5403250321E-004
   7.8100000000E-002   3.3450384953E-004
   7.8200000000E-002   3.1555628962E-004
   7.8300000000E-002   2.9717897398E-004
   7.8400000000E-002   2.7936113905E-004
   7.8500000000E-002   2.6209210897E-004
   7.8600000000E-002   2.4536129726E-004
   7.8700000000E-002   2.2915820844E-004
   7.8800000000E-002   2.1347243956E-004
   7.8900000000E-002   1.9829368170E-004
   7.9000000000E-002   1.8361172142E-004
   7.9100000000E-002   1.6941644207E-004
   7.9200000000E-002   1.5569782515E-004
   7.9300000000E-002   1.4244595151E-004
   7.9400000000E-002   1.2965100256E-004
   7.9500000000E-002   1.1730326134E-004
   7.9600000000E-002   1.0539311365E-004
   7.9700000000E-002   9.3911048998E-005
   7.9800000000E-002   8.2847661568E-005
   7.9900000000E-002   7.2193651101E-005
   8.0000000000E-002   6.1939823729E-005
   8.0100000000E-002   5.2077092749E-005
   8.0200000000E-002   4.2596479341E-005
   8.0300000000E-002   3.3489113235E-005
   8.0400000000E-002   2.4746233325E-005
   8.0500000000E-002   1.6359188225E-005
   8.0600000000E-002   8.3194367799E-006
   8.0700000000E-002   6.1854851789E-007
   8.0800000000E-002   6.7517959415E-006
   8.0900000000E-002   1.3799804533E-005
   8.1000000000E-002   2.0533573436E-005
   8.1100000000E-002   2.6961086822E-005
   8.1200000000E-002   3.3090216636E-005
   8.1300000000E-002   3.8928722436E-005
   8.1400000000E-002   4.4484251273E-005
   8.1500000000E-002   4.9764337617E-005
   8.1600000000E-002   5.4776403323E-005
   8.1700000000E-002   5.9527757653E-005
   8.1800000000E-002   6.4025597321E-005
   8.1900000000E-002   6.8277006598E-005
   8.2000000000E-002   7.2288957445E-005
   8.2100000000E-002   7.6068309694E-005
   8.2200000000E-002   7.9621811262E-005
   8.2300000000E-002   8.2956098407E-005
   8.2400000000E-002   8.6077696022E-005
   8.2500000000E-002   8.8993017962E-005
   8.2600000000E-002   9.1708367409E-005
   8.2700000000E-002   9.4229937273E-005
   8.2800000000E-002   9.6563810622E-005
   8.2900000000E-002   9.8715961153E-005
   8.3000000000E-002   1.0069225369E-004
   8.3100000000E-002   1.0249844471E-004
   8.3200000000E-002   1.0414018290E-004
   8.3300000000E-002   1.0562300978E-004
   8.3400000000E-002   1.0695236028E-004
   8.3500000000E-002   1.0813356340E-004
   8.3600000000E-002   1.0917184291E-004
   8.3700000000E-002   1.1007231802E-004
   8.3800000000E-002   1.1084000413E-004
   8.3900000000E-002   1.1147981357E-004
   8.4000000000E-002   1.1199655639E-004
   8.4100000000E-002   1.1239494112E-004
   8.4200000000E-002   1.1267957567E-004
   8.4300000000E-002   1.1285496809E-004
   8.4400000000E-002   1.1292552748E-004
   8.4500000000E-002   1.1289556486E-004
   8.4600000000E-002   1.1276929410E-004
   8.4700000000E-002   1.1255083280E-004
   8.4800000000E-002   1.1224420327E-004
   8.4900000000E-002   1.1185333346E-004
   8.5000000000E-002   1.1138205794E-004
   8.5100000000E-002   1.1083411890E-004
   8.5200000000E-002   1.1021316714E-004
   8.5300000000E-002   1.0952276311E-004
   8.5400000000E-002   1.0876637791E-004
   8.5500000000E-002   1.0794739434E-004
   8.5600000000E-002   1.0706910799E-004
   8.5700000000E-002   1.0613472825E-004
   8.5800000000E-002   1.0514737945E-004
   8.5900000000E-002   1.0411010188E-004
   8.6000000000E-002   1.0302585296E-004
   8.6100000000E-002   1.0189750826E-004
   8.6200000000E-002   1.0072786268E-004
   8.6300000000E-002   9.9519631562E-005
   8.6400000000E-002   9.8275451769E-005
   8.6500000000E-002   9.6997882862E-005
   8.6600000000E-002   9.5689408221E-005
   8.6700000000E-002   9.4352436186E-005
   8.6800000000E-002   9.2989301205E-005
   8.6900000000E-002   9.1602264978E-005
   8.7000000000E-002   9.0193517618E-005
   8.7100000000E-002   8.8765178794E-005
   8.7200000000E-002   8.7319298896E-005
   8.7300000000E-002   8.5857860185E-005
   8.7400000000E-002   8.4382777957E-005
   8.7500000000E-002   8.2895901692E-005
   8.7600000000E-002   8.1399016222E-005
   8.7700000000E-002   7.9893842878E-005
   8.7800000000E-002   7.8382040649E-005
   8.7900000000E-002   7.6865207335E-005
   8.8000000000E-002   7.5344880696E-005
   8.8100000000E-002   7.3822539600E-005
   8.8200000000E-002   7.2299605171E-005
   8.8300000000E-002   7.0777441922E-005
   8.8400000000E-002   6.9257358899E-005
   8.8500000000E-002   6.7740610809E-005
   8.8600000000E-002   6.6228399145E-005
   8.8700000000E-002   6.4721873311E-005
   8.8800000000E-002   6.3222131738E-005
   8.8900000000E-002   6.1730222987E-005
   8.9000000000E-002   6.0247146860E-005
   8.9100000000E-002   5.8773855488E-005
   8.9200000000E-002   5.7311254425E-005
   8.9300000000E-002   5.5860203725E-005
   8.9400000000E-002   5.4421519019E-005
   8.9500000000E-002   5.2995972575E-005
   8.9600000000E-002   5.1584294356E-005
   8.9700000000E-002   5.0187173068E-005
   8.9800000000E-002   4.8805257196E-005
   8.9900000000E-002   4.7439156034E-005
   9.0000000000E-002   4.6089440702E-005
   9.0100000000E-002   4.4756645158E-005
   9.0200000000E-002   4.3441267193E-005
   9.0300000000E-002   4.2143769421E-005
   9.0400000000E-002   4.0864580254E-005
   9.0500000000E-002   3.9604094874E-005
   9.0600000000E-002   3.8362676183E-005
   9.0700000000E-002   3.7140655750E-005
   9.0800000000E-002   3.5938334742E-005
   9.0900000000E-002   3.4755984846E-005
   9.1000000000E-002   3.3593849180E-005
   9.1100000000E-002   3.2452143187E-005
   9.1200000000E-002   3.1331055521E-005
   9.1300000000E-002   3.0230748921E-005
   9.1400000000E-002   2.9151361073E-005
   9.1500000000E-002   2.8093005453E-005
   9.1600000000E-002   2.7055772167E-005
   9.1700000000E-002   2.6039728772E-005
   9.1800000000E-002   2.5044921084E-005
   9.1900000000E-002   2.4071373978E-005
   9.2000000000E-002   2.3119092170E-005
   9.2100000000E-002   2.2188060990E-005
   9.2200000000E-002   2.1278247135E-005
   9.2300000000E-002   2.0389599418E-005
   9.2400000000E-002   1.9522049498E-005
   9.2500000000E-002   1.8675512598E-005
   9.2600000000E-002   1.7849888210E-005
   9.2700000000E-002   1.7045060784E-005
   9.2800000000E-002   1.6260900411E-005
   9.2900000000E-002   1.5497263483E-005
   9.3000000000E-002   1.4753993349E-005
   9.3100000000E-002   1.4030920948E-005
   9.3200000000E-002   1.3327865437E-005
   9.3300000000E-002   1.2644634803E-005
   9.3400000000E-002   1.1981026460E-005
   9.3500000000E-002   1.1336827834E-005
   9.3600000000E-002   1.0711816935E-005
   9.3700000000E-002   1.0105762916E-005
   9.3800000000E-002   9.5184266167E-006
   9.3900000000E-002   8.9495611000E-006
   9.4000000000E-002   8.3989121673E-006
   9.4100000000E-002   7.8662188671E-006
   9.4200000000E-002   7.3512139884E-006
   9.4300000000E-002   6.8536245417E-006
   9.4400000000E-002   6.3731722271E-006
   9.4500000000E-002   5.9095738900E-006
   9.4600000000E-002   5.4625419644E-006
   9.4700000000E-002   5.0317849032E-006
   9.4800000000E-002   4.6170075972E-006
   9.4900000000E-002   4.2179117811E-006
   9.5000000000E-002   3.8341964272E-006
   9.5100000000E-002   3.4655581282E-006
   9.5200000000E-002   3.1116914672E-006
   9.5300000000E-002   2.7722893759E-006
   9.5400000000E-002   2.4470434823E-006
   9.5500000000E-002   2.1356444452E-006
   9.5600000000E-002   1.8377822792E-006
   9.5700000000E-002   1.5531466667E-006
   9.5800000000E-002   1.2814272605E-006
   9.5900000000E-002   1.0223139739E-006
   9.6000000000E-002   7.7549726144E-007
   9.6100000000E-002   5.4066838765E-007
   9.6200000000E-002   3.1751968643E-007
   9.6300000000E-002   1.0574480940E-007
   9.6400000000E-002   9.4961035710E-008
   9.6500000000E-002   2.8490085673E-007
   9.6600000000E-002   4.6437565862E-007
   9.6700000000E-002   6.3368423473E-007
   9.6800000000E-002   7.9312296763E-007
   9.6900000000E-002   9.4298563940E-007
   9.7000000000E-002   1.0835632510E-006
   9.7100000000E-002   1.2151438510E-006
   9.7200000000E-002   1.3380123726E-006
   9.7300000000E-002   1.4524504803E-006
   9.7400000000E-002   1.5587364244E-006
   9.7500000000E-002   1.6571449038E-006
   9.7600000000E-002   1.7479469381E-006
   9.7700000000E-002   1.8314097462E-006
   9.7800000000E-002   1.9077966341E-006
   9.7900000000E-002   1.9773668895E-006
   9.8000000000E-002   2.0403756846E-006
   9.8100000000E-002   2.0970739861E-006
   9.8200000000E-002   2.1477084717E-006
   9.8300000000E-002   2.1925214548E-006
   9.8400000000E-002   2.2317508150E-006
   9.8500000000E-002   2.2656299361E-006
   9.8600000000E-002   2.2943876498E-006
   9.8700000000E-002   2.3182481864E-006
   9.8800000000E-002   2.3374311314E-006
   9.8900000000E-002   2.3521513880E-006
   9.9000000000E-002   2.3626191455E-006
   9.9100000000E-002   2.3690398534E-006
   9.9200000000E-002   2.3716142010E-006
   9.9300000000E-002   2.3705381023E-006
   9.9400000000E-002   2.3660026857E-006
   9.9500000000E-002   2.3581942895E-006
   9.9600000000E-002   2.3472944613E-006
   9.9700000000E-002   2.3334799627E-006
   9.9800000000E-002   2.3169227781E-006
   9.9900000000E-002   2.2977901284E-006
   1.0000000000E-001   2.2762444881E-006
